cpu  1224609 2979 383979 9722672 399611 53593 11367 0 0 0
 0 0 0 0 0 0 0 0 0 0 
 0 0 0 0 0 0 0 0 0 0 
cpu0 310230 764 92727 2438432 95617 11391 2062 0 0 0
 310230 764 92727 2438432 95617 11391 2062 0 0 0 
 0 0 0 0 0 0 0 0 0 0 
core: 0.141356 
cpu1 303775 755 98810 2440683 91137 11930 1898 0 0 0
 303775 755 98810 2440683 91137 11930 1898 0 0 0 
 310230 764 92727 2438432 95617 11391 2062 0 0 0 
core: 2230.000000 
cpu2 296803 696 100588 2420950 110662 13784 4586 0 0 0
 296803 696 100588 2420950 110662 13784 4586 0 0 0 
 303775 755 98810 2440683 91137 11930 1898 0 0 0 
core: 209.000000 
cpu3 313800 763 91852 2422606 102193 16486 2819 0 0 0
 313800 763 91852 2422606 102193 16486 2819 0 0 0 
 296803 696 100588 2420950 110662 13784 4586 0 0 0 
core: 3.780816 
0 0 0 0 0 0 0 0 0 0 0 0 0 0 0 0 0 0 0 0 0 0 0 0 0 0 0 0 0 0 0 0 0 0 0 0 0 0 0 0 0 0 0 0 0 0 0 0 0 0 0 0 0 0 0 0 0 0 0 0 0 0 0 0 0 0 0 0 0 0 0 0 0 0 0 0 0 0 0 0 0 0 0 0 0 0 0
 313800 763 91852 2422606 102193 16486 2819 0 0 0 
 313800 763 91852 2422606 102193 16486 2819 0 0 0 
ctxt 1127032823
 313800 763 91852 2422606 102193 16486 2819 0 0 0 
 313800 763 91852 2422606 102193 16486 2819 0 0 0 
btime 1654007277
 313800 763 91852 2422606 102193 16486 2819 0 0 0 
 313800 763 91852 2422606 102193 16486 2819 0 0 0 
processes 39853
 313800 763 91852 2422606 102193 16486 2819 0 0 0 
 313800 763 91852 2422606 102193 16486 2819 0 0 0 
procs_running 7
 313800 763 91852 2422606 102193 16486 2819 0 0 0 
 313800 763 91852 2422606 102193 16486 2819 0 0 0 
procs_blocked 0
 313800 763 91852 2422606 102193 16486 2819 0 0 0 
 313800 763 91852 2422606 102193 16486 2819 0 0 0 
softirq 22695280 1576112 2648323 5979 364947 628509 0 312594 8101237 51 9057528
 313800 763 91852 2422606 102193 16486 2819 0 0 0 
 313800 763 91852 2422606 102193 16486 2819 0 0 0 
cpu  1224636 2981 384012 9722978 399627 53597 11367 0 0 0
 313800 763 91852 2422606 102193 16486 2819 0 0 0 
 313800 763 91852 2422606 102193 16486 2819 0 0 0 
cpu0 310241 764 92732 2438511 95621 11391 2062 0 0 0
 310241 764 92732 2438511 95621 11391 2062 0 0 0 
 313800 763 91852 2422606 102193 16486 2819 0 0 0 
core: -10.622665 
cpu1 303779 757 98817 2440761 91142 11931 1899 0 0 0
 303779 757 98817 2440761 91142 11931 1899 0 0 0 
 310241 764 92732 2438511 95621 11391 2062 0 0 0 
core: 2230.000000 
cpu2 296808 696 100602 2421020 110665 13786 4586 0 0 0
 296808 696 100602 2421020 110665 13786 4586 0 0 0 
 303779 757 98817 2440761 91142 11931 1899 0 0 0 
core: 219.000000 
cpu3 313806 763 91859 2422683 102197 16488 2819 0 0 0
 313806 763 91859 2422683 102197 16488 2819 0 0 0 
 296808 696 100602 2421020 110665 13786 4586 0 0 0 
core: 3.775285 
0 0 0 0 0 0 0 0 0 0 0 0 0 0 0 0 0 0 0 0 0 0 0 0 0 0 0 0 0 0 0 0 0 0 0 0 0 0 0 0 0 0 0 0 0 0 0 0 0 0 0 0 0 0 0 0 0 0 0 0 0 0 0 0 0 0 0 0 0 0 0 0 0 0 0 0 0 0 0 0 0 0 0 0 0 0 0
 313806 763 91859 2422683 102197 16488 2819 0 0 0 
 313806 763 91859 2422683 102197 16488 2819 0 0 0 
ctxt 1127163756
 313806 763 91859 2422683 102197 16488 2819 0 0 0 
 313806 763 91859 2422683 102197 16488 2819 0 0 0 
btime 1654007277
 313806 763 91859 2422683 102197 16488 2819 0 0 0 
 313806 763 91859 2422683 102197 16488 2819 0 0 0 
processes 39872
 313806 763 91859 2422683 102197 16488 2819 0 0 0 
 313806 763 91859 2422683 102197 16488 2819 0 0 0 
procs_running 3
 313806 763 91859 2422683 102197 16488 2819 0 0 0 
 313806 763 91859 2422683 102197 16488 2819 0 0 0 
procs_blocked 0
 313806 763 91859 2422683 102197 16488 2819 0 0 0 
 313806 763 91859 2422683 102197 16488 2819 0 0 0 
softirq 22696683 1576113 2648508 5980 364947 628530 0 312615 8101698 51 9058241
 313806 763 91859 2422683 102197 16488 2819 0 0 0 
 313806 763 91859 2422683 102197 16488 2819 0 0 0 
cpu  1224654 2988 384045 9723278 399645 53601 11368 0 0 0
 313806 763 91859 2422683 102197 16488 2819 0 0 0 
 313806 763 91859 2422683 102197 16488 2819 0 0 0 
cpu0 310245 765 92740 2438579 95632 11392 2062 0 0 0
 310245 765 92740 2438579 95632 11392 2062 0 0 0 
 313806 763 91859 2422683 102197 16488 2819 0 0 0 
core: -10.663750 
cpu1 303787 758 98822 2440841 91145 11931 1899 0 0 0
 303787 758 98822 2440841 91145 11931 1899 0 0 0 
 310245 765 92740 2438579 95632 11392 2062 0 0 0 
core: 2226.000000 
cpu2 296811 697 100612 2421096 110669 13787 4586 0 0 0
 296811 697 100612 2421096 110669 13787 4586 0 0 0 
 303787 758 98822 2440841 91145 11931 1899 0 0 0 
core: 222.000000 
cpu3 313810 767 91869 2422760 102197 16489 2819 0 0 0
 313810 767 91869 2422760 102197 16489 2819 0 0 0 
 296811 697 100612 2421096 110669 13787 4586 0 0 0 
core: 3.775377 
0 0 0 0 0 0 0 0 0 0 0 0 0 0 0 0 0 0 0 0 0 0 0 0 0 0 0 0 0 0 0 0 0 0 0 0 0 0 0 0 0 0 0 0 0 0 0 0 0 0 0 0 0 0 0 0 0 0 0 0 0 0 0 0 0 0 0 0 0 0 0 0 0 0 0 0 0 0 0 0 0 0 0 0 0 0 0
 313810 767 91869 2422760 102197 16489 2819 0 0 0 
 313810 767 91869 2422760 102197 16489 2819 0 0 0 
ctxt 1127292983
 313810 767 91869 2422760 102197 16489 2819 0 0 0 
 313810 767 91869 2422760 102197 16489 2819 0 0 0 
btime 1654007277
 313810 767 91869 2422760 102197 16489 2819 0 0 0 
 313810 767 91869 2422760 102197 16489 2819 0 0 0 
processes 39886
 313810 767 91869 2422760 102197 16489 2819 0 0 0 
 313810 767 91869 2422760 102197 16489 2819 0 0 0 
procs_running 3
 313810 767 91869 2422760 102197 16489 2819 0 0 0 
 313810 767 91869 2422760 102197 16489 2819 0 0 0 
procs_blocked 1
 313810 767 91869 2422760 102197 16489 2819 0 0 0 
 313810 767 91869 2422760 102197 16489 2819 0 0 0 
softirq 22698294 1576113 2648656 5980 364947 628680 0 312615 8102186 51 9059066
 313810 767 91869 2422760 102197 16489 2819 0 0 0 
 313810 767 91869 2422760 102197 16489 2819 0 0 0 
cpu  1224677 2991 384080 9723550 399701 53605 11368 0 0 0
 313810 767 91869 2422760 102197 16489 2819 0 0 0 
 313810 767 91869 2422760 102197 16489 2819 0 0 0 
cpu0 310253 765 92746 2438618 95677 11393 2062 0 0 0
 310253 765 92746 2438618 95677 11393 2062 0 0 0 
 313810 767 91869 2422760 102197 16489 2819 0 0 0 
core: -10.628892 
cpu1 303791 758 98826 2440929 91145 11932 1899 0 0 0
 303791 758 98826 2440929 91145 11932 1899 0 0 0 
 310253 765 92746 2438618 95677 11393 2062 0 0 0 
core: 2222.000000 
cpu2 296816 698 100625 2421162 110680 13788 4586 0 0 0
 296816 698 100625 2421162 110680 13788 4586 0 0 0 
 303791 758 98826 2440929 91145 11932 1899 0 0 0 
core: 233.000000 
cpu3 313815 769 91881 2422839 102197 16490 2819 0 0 0
 313815 769 91881 2422839 102197 16490 2819 0 0 0 
 296816 698 100625 2421162 110680 13788 4586 0 0 0 
core: 3.772301 
0 0 0 0 0 0 0 0 0 0 0 0 0 0 0 0 0 0 0 0 0 0 0 0 0 0 0 0 0 0 0 0 0 0 0 0 0 0 0 0 0 0 0 0 0 0 0 0 0 0 0 0 0 0 0 0 0 0 0 0 0 0 0 0 0 0 0 0 0 0 0 0 0 0 0 0 0 0 0 0 0 0 0 0 0 0 0
 313815 769 91881 2422839 102197 16490 2819 0 0 0 
 313815 769 91881 2422839 102197 16490 2819 0 0 0 
ctxt 1127425246
 313815 769 91881 2422839 102197 16490 2819 0 0 0 
 313815 769 91881 2422839 102197 16490 2819 0 0 0 
btime 1654007277
 313815 769 91881 2422839 102197 16490 2819 0 0 0 
 313815 769 91881 2422839 102197 16490 2819 0 0 0 
processes 39901
 313815 769 91881 2422839 102197 16490 2819 0 0 0 
 313815 769 91881 2422839 102197 16490 2819 0 0 0 
procs_running 2
 313815 769 91881 2422839 102197 16490 2819 0 0 0 
 313815 769 91881 2422839 102197 16490 2819 0 0 0 
procs_blocked 0
 313815 769 91881 2422839 102197 16490 2819 0 0 0 
 313815 769 91881 2422839 102197 16490 2819 0 0 0 
softirq 22699805 1576113 2648822 5980 364949 628719 0 312635 8102664 51 9059872
 313815 769 91881 2422839 102197 16490 2819 0 0 0 
 313815 769 91881 2422839 102197 16490 2819 0 0 0 
cpu  1224694 2991 384107 9723891 399701 53609 11368 0 0 0
 313815 769 91881 2422839 102197 16490 2819 0 0 0 
 313815 769 91881 2422839 102197 16490 2819 0 0 0 
cpu0 310258 765 92756 2438700 95677 11395 2062 0 0 0
 310258 765 92756 2438700 95677 11395 2062 0 0 0 
 313815 769 91881 2422839 102197 16490 2819 0 0 0 
core: -10.632628 
cpu1 303795 758 98831 2441016 91145 11932 1899 0 0 0
 303795 758 98831 2441016 91145 11932 1899 0 0 0 
 310258 765 92756 2438700 95677 11395 2062 0 0 0 
core: 2217.000000 
cpu2 296822 698 100634 2421244 110680 13790 4587 0 0 0
 296822 698 100634 2421244 110680 13790 4587 0 0 0 
 303795 758 98831 2441016 91145 11932 1899 0 0 0 
core: 238.000000 
cpu3 313817 769 91884 2422930 102197 16491 2819 0 0 0
 313817 769 91884 2422930 102197 16491 2819 0 0 0 
 296822 698 100634 2421244 110680 13790 4587 0 0 0 
core: 3.772023 
0 0 0 0 0 0 0 0 0 0 0 0 0 0 0 0 0 0 0 0 0 0 0 0 0 0 0 0 0 0 0 0 0 0 0 0 0 0 0 0 0 0 0 0 0 0 0 0 0 0 0 0 0 0 0 0 0 0 0 0 0 0 0 0 0 0 0 0 0 0 0 0 0 0 0 0 0 0 0 0 0 0 0 0 0 0 0
 313817 769 91884 2422930 102197 16491 2819 0 0 0 
 313817 769 91884 2422930 102197 16491 2819 0 0 0 
ctxt 1127556925
 313817 769 91884 2422930 102197 16491 2819 0 0 0 
 313817 769 91884 2422930 102197 16491 2819 0 0 0 
btime 1654007277
 313817 769 91884 2422930 102197 16491 2819 0 0 0 
 313817 769 91884 2422930 102197 16491 2819 0 0 0 
processes 39907
 313817 769 91884 2422930 102197 16491 2819 0 0 0 
 313817 769 91884 2422930 102197 16491 2819 0 0 0 
procs_running 1
 313817 769 91884 2422930 102197 16491 2819 0 0 0 
 313817 769 91884 2422930 102197 16491 2819 0 0 0 
procs_blocked 0
 313817 769 91884 2422930 102197 16491 2819 0 0 0 
 313817 769 91884 2422930 102197 16491 2819 0 0 0 
softirq 22701077 1576113 2648991 5980 364949 628719 0 312635 8103126 51 9060513
 313817 769 91884 2422930 102197 16491 2819 0 0 0 
 313817 769 91884 2422930 102197 16491 2819 0 0 0 
cpu  1224711 2995 384140 9724200 399720 53614 11369 0 0 0
 313817 769 91884 2422930 102197 16491 2819 0 0 0 
 313817 769 91884 2422930 102197 16491 2819 0 0 0 
cpu0 310261 765 92760 2438772 95690 11395 2063 0 0 0
 310261 765 92760 2438772 95690 11395 2063 0 0 0 
 313817 769 91884 2422930 102197 16491 2819 0 0 0 
core: -10.683354 
cpu1 303798 759 98845 2441093 91145 11934 1899 0 0 0
 303798 759 98845 2441093 91145 11934 1899 0 0 0 
 310261 765 92760 2438772 95690 11395 2063 0 0 0 
core: 2225.000000 
cpu2 296827 699 100641 2421327 110680 13791 4587 0 0 0
 296827 699 100641 2421327 110680 13791 4587 0 0 0 
 303798 759 98845 2441093 91145 11934 1899 0 0 0 
core: 232.000000 
cpu3 313824 770 91892 2423006 102204 16492 2819 0 0 0
 313824 770 91892 2423006 102204 16492 2819 0 0 0 
 296827 699 100641 2421327 110680 13791 4587 0 0 0 
core: 3.768635 
0 0 0 0 0 0 0 0 0 0 0 0 0 0 0 0 0 0 0 0 0 0 0 0 0 0 0 0 0 0 0 0 0 0 0 0 0 0 0 0 0 0 0 0 0 0 0 0 0 0 0 0 0 0 0 0 0 0 0 0 0 0 0 0 0 0 0 0 0 0 0 0 0 0 0 0 0 0 0 0 0 0 0 0 0 0 0
 313824 770 91892 2423006 102204 16492 2819 0 0 0 
 313824 770 91892 2423006 102204 16492 2819 0 0 0 
ctxt 1127690780
 313824 770 91892 2423006 102204 16492 2819 0 0 0 
 313824 770 91892 2423006 102204 16492 2819 0 0 0 
btime 1654007277
 313824 770 91892 2423006 102204 16492 2819 0 0 0 
 313824 770 91892 2423006 102204 16492 2819 0 0 0 
processes 39911
 313824 770 91892 2423006 102204 16492 2819 0 0 0 
 313824 770 91892 2423006 102204 16492 2819 0 0 0 
procs_running 1
 313824 770 91892 2423006 102204 16492 2819 0 0 0 
 313824 770 91892 2423006 102204 16492 2819 0 0 0 
procs_blocked 0
 313824 770 91892 2423006 102204 16492 2819 0 0 0 
 313824 770 91892 2423006 102204 16492 2819 0 0 0 
softirq 22702461 1576113 2649159 5980 364952 628758 0 312655 8103602 51 9061191
 313824 770 91892 2423006 102204 16492 2819 0 0 0 
 313824 770 91892 2423006 102204 16492 2819 0 0 0 
cpu  1224727 2997 384170 9724532 399727 53618 11369 0 0 0
 313824 770 91892 2423006 102204 16492 2819 0 0 0 
 313824 770 91892 2423006 102204 16492 2819 0 0 0 
cpu0 310265 765 92763 2438860 95691 11396 2063 0 0 0
 310265 765 92763 2438860 95691 11396 2063 0 0 0 
 313824 770 91892 2423006 102204 16492 2819 0 0 0 
core: -10.734925 
cpu1 303802 761 98855 2441177 91145 11935 1899 0 0 0
 303802 761 98855 2441177 91145 11935 1899 0 0 0 
 310265 765 92763 2438860 95691 11396 2063 0 0 0 
core: 2230.000000 
cpu2 296830 699 100651 2421404 110684 13792 4587 0 0 0
 296830 699 100651 2421404 110684 13792 4587 0 0 0 
 303802 761 98855 2441177 91145 11935 1899 0 0 0 
core: 235.000000 
cpu3 313829 770 91900 2423089 102204 16494 2819 0 0 0
 313829 770 91900 2423089 102204 16494 2819 0 0 0 
 296830 699 100651 2421404 110684 13792 4587 0 0 0 
core: 3.764443 
0 0 0 0 0 0 0 0 0 0 0 0 0 0 0 0 0 0 0 0 0 0 0 0 0 0 0 0 0 0 0 0 0 0 0 0 0 0 0 0 0 0 0 0 0 0 0 0 0 0 0 0 0 0 0 0 0 0 0 0 0 0 0 0 0 0 0 0 0 0 0 0 0 0 0 0 0 0 0 0 0 0 0 0 0 0 0
 313829 770 91900 2423089 102204 16494 2819 0 0 0 
 313829 770 91900 2423089 102204 16494 2819 0 0 0 
ctxt 1127820489
 313829 770 91900 2423089 102204 16494 2819 0 0 0 
 313829 770 91900 2423089 102204 16494 2819 0 0 0 
btime 1654007277
 313829 770 91900 2423089 102204 16494 2819 0 0 0 
 313829 770 91900 2423089 102204 16494 2819 0 0 0 
processes 39913
 313829 770 91900 2423089 102204 16494 2819 0 0 0 
 313829 770 91900 2423089 102204 16494 2819 0 0 0 
procs_running 1
 313829 770 91900 2423089 102204 16494 2819 0 0 0 
 313829 770 91900 2423089 102204 16494 2819 0 0 0 
procs_blocked 0
 313829 770 91900 2423089 102204 16494 2819 0 0 0 
 313829 770 91900 2423089 102204 16494 2819 0 0 0 
softirq 22703710 1576113 2649318 5981 364952 628782 0 312655 8104056 51 9061802
 313829 770 91900 2423089 102204 16494 2819 0 0 0 
 313829 770 91900 2423089 102204 16494 2819 0 0 0 
cpu  1224748 2997 384200 9724863 399728 53622 11370 0 0 0
 313829 770 91900 2423089 102204 16494 2819 0 0 0 
 313829 770 91900 2423089 102204 16494 2819 0 0 0 
cpu0 310269 765 92767 2438947 95692 11396 2063 0 0 0
 310269 765 92767 2438947 95692 11396 2063 0 0 0 
 313829 770 91900 2423089 102204 16494 2819 0 0 0 
core: -10.770781 
cpu1 303806 761 98861 2441261 91145 11935 1899 0 0 0
 303806 761 98861 2441261 91145 11935 1899 0 0 0 
 310269 765 92767 2438947 95692 11396 2063 0 0 0 
core: 2234.000000 
cpu2 296834 699 100664 2421482 110685 13794 4587 0 0 0
 296834 699 100664 2421482 110685 13794 4587 0 0 0 
 303806 761 98861 2441261 91145 11935 1899 0 0 0 
core: 240.000000 
cpu3 313836 770 91907 2423173 102204 16495 2819 0 0 0
 313836 770 91907 2423173 102204 16495 2819 0 0 0 
 296834 699 100664 2421482 110685 13794 4587 0 0 0 
core: 3.761285 
0 0 0 0 0 0 0 0 0 0 0 0 0 0 0 0 0 0 0 0 0 0 0 0 0 0 0 0 0 0 0 0 0 0 0 0 0 0 0 0 0 0 0 0 0 0 0 0 0 0 0 0 0 0 0 0 0 0 0 0 0 0 0 0 0 0 0 0 0 0 0 0 0 0 0 0 0 0 0 0 0 0 0 0 0 0 0
 313836 770 91907 2423173 102204 16495 2819 0 0 0 
 313836 770 91907 2423173 102204 16495 2819 0 0 0 
ctxt 1127954281
 313836 770 91907 2423173 102204 16495 2819 0 0 0 
 313836 770 91907 2423173 102204 16495 2819 0 0 0 
btime 1654007277
 313836 770 91907 2423173 102204 16495 2819 0 0 0 
 313836 770 91907 2423173 102204 16495 2819 0 0 0 
processes 39920
 313836 770 91907 2423173 102204 16495 2819 0 0 0 
 313836 770 91907 2423173 102204 16495 2819 0 0 0 
procs_running 2
 313836 770 91907 2423173 102204 16495 2819 0 0 0 
 313836 770 91907 2423173 102204 16495 2819 0 0 0 
procs_blocked 0
 313836 770 91907 2423173 102204 16495 2819 0 0 0 
 313836 770 91907 2423173 102204 16495 2819 0 0 0 
softirq 22705162 1576113 2649487 5981 364956 628840 0 312675 8104534 51 9062525
 313836 770 91907 2423173 102204 16495 2819 0 0 0 
 313836 770 91907 2423173 102204 16495 2819 0 0 0 
cpu  1224773 3001 384232 9725187 399734 53626 11370 0 0 0
 313836 770 91907 2423173 102204 16495 2819 0 0 0 
 313836 770 91907 2423173 102204 16495 2819 0 0 0 
cpu0 310273 766 92775 2439030 95692 11397 2063 0 0 0
 310273 766 92775 2439030 95692 11397 2063 0 0 0 
 313836 770 91907 2423173 102204 16495 2819 0 0 0 
core: -10.799242 
cpu1 303813 763 98871 2441340 91145 11937 1899 0 0 0
 303813 763 98871 2441340 91145 11937 1899 0 0 0 
 310273 766 92775 2439030 95692 11397 2063 0 0 0 
core: 2238.000000 
cpu2 296840 699 100668 2421562 110691 13794 4587 0 0 0
 296840 699 100668 2421562 110691 13794 4587 0 0 0 
 303813 763 98871 2441340 91145 11937 1899 0 0 0 
core: 233.000000 
cpu3 313845 772 91916 2423253 102204 16496 2819 0 0 0
 313845 772 91916 2423253 102204 16496 2819 0 0 0 
 296840 699 100668 2421562 110691 13794 4587 0 0 0 
core: 3.758117 
0 0 0 0 0 0 0 0 0 0 0 0 0 0 0 0 0 0 0 0 0 0 0 0 0 0 0 0 0 0 0 0 0 0 0 0 0 0 0 0 0 0 0 0 0 0 0 0 0 0 0 0 0 0 0 0 0 0 0 0 0 0 0 0 0 0 0 0 0 0 0 0 0 0 0 0 0 0 0 0 0 0 0 0 0 0 0
 313845 772 91916 2423253 102204 16496 2819 0 0 0 
 313845 772 91916 2423253 102204 16496 2819 0 0 0 
ctxt 1128092061
 313845 772 91916 2423253 102204 16496 2819 0 0 0 
 313845 772 91916 2423253 102204 16496 2819 0 0 0 
btime 1654007277
 313845 772 91916 2423253 102204 16496 2819 0 0 0 
 313845 772 91916 2423253 102204 16496 2819 0 0 0 
processes 39922
 313845 772 91916 2423253 102204 16496 2819 0 0 0 
 313845 772 91916 2423253 102204 16496 2819 0 0 0 
procs_running 2
 313845 772 91916 2423253 102204 16496 2819 0 0 0 
 313845 772 91916 2423253 102204 16496 2819 0 0 0 
procs_blocked 0
 313845 772 91916 2423253 102204 16496 2819 0 0 0 
 313845 772 91916 2423253 102204 16496 2819 0 0 0 
softirq 22706482 1576113 2649658 5981 364957 628846 0 312675 8105018 51 9063183
 313845 772 91916 2423253 102204 16496 2819 0 0 0 
 313845 772 91916 2423253 102204 16496 2819 0 0 0 
cpu  1224853 3001 384276 9725458 399736 53630 11371 0 0 0
 313845 772 91916 2423253 102204 16496 2819 0 0 0 
 313845 772 91916 2423253 102204 16496 2819 0 0 0 
cpu0 310292 766 92784 2439102 95692 11398 2063 0 0 0
 310292 766 92784 2439102 95692 11398 2063 0 0 0 
 313845 772 91916 2423253 102204 16496 2819 0 0 0 
core: -10.789141 
cpu1 303828 763 98885 2441407 91146 11938 1899 0 0 0
 303828 763 98885 2441407 91146 11938 1899 0 0 0 
 310292 766 92784 2439102 95692 11398 2063 0 0 0 
core: 2242.000000 
cpu2 296866 699 100677 2421629 110691 13795 4587 0 0 0
 296866 699 100677 2421629 110691 13795 4587 0 0 0 
 303828 763 98885 2441407 91146 11938 1899 0 0 0 
core: 234.000000 
cpu3 313866 772 91929 2423319 102206 16497 2820 0 0 0
 313866 772 91929 2423319 102206 16497 2820 0 0 0 
 296866 699 100677 2421629 110691 13795 4587 0 0 0 
core: 3.756592 
0 0 0 0 0 0 0 0 0 0 0 0 0 0 0 0 0 0 0 0 0 0 0 0 0 0 0 0 0 0 0 0 0 0 0 0 0 0 0 0 0 0 0 0 0 0 0 0 0 0 0 0 0 0 0 0 0 0 0 0 0 0 0 0 0 0 0 0 0 0 0 0 0 0 0 0 0 0 0 0 0 0 0 0 0 0 0
 313866 772 91929 2423319 102206 16497 2820 0 0 0 
 313866 772 91929 2423319 102206 16497 2820 0 0 0 
ctxt 1128220951
 313866 772 91929 2423319 102206 16497 2820 0 0 0 
 313866 772 91929 2423319 102206 16497 2820 0 0 0 
btime 1654007277
 313866 772 91929 2423319 102206 16497 2820 0 0 0 
 313866 772 91929 2423319 102206 16497 2820 0 0 0 
processes 39926
 313866 772 91929 2423319 102206 16497 2820 0 0 0 
 313866 772 91929 2423319 102206 16497 2820 0 0 0 
procs_running 3
 313866 772 91929 2423319 102206 16497 2820 0 0 0 
 313866 772 91929 2423319 102206 16497 2820 0 0 0 
procs_blocked 0
 313866 772 91929 2423319 102206 16497 2820 0 0 0 
 313866 772 91929 2423319 102206 16497 2820 0 0 0 
softirq 22707974 1576113 2649819 5981 365074 628854 0 312675 8105502 51 9063905
 313866 772 91929 2423319 102206 16497 2820 0 0 0 
 313866 772 91929 2423319 102206 16497 2820 0 0 0 
cpu  1224874 3001 384296 9725807 399743 53633 11371 0 0 0
 313866 772 91929 2423319 102206 16497 2820 0 0 0 
 313866 772 91929 2423319 102206 16497 2820 0 0 0 
cpu0 310297 766 92787 2439193 95692 11398 2063 0 0 0
 310297 766 92787 2439193 95692 11398 2063 0 0 0 
 313866 772 91929 2423319 102206 16497 2820 0 0 0 
core: -10.893266 
cpu1 303833 763 98888 2441499 91146 11938 1899 0 0 0
 303833 763 98888 2441499 91146 11938 1899 0 0 0 
 310297 766 92787 2439193 95692 11398 2063 0 0 0 
core: 2241.000000 
cpu2 296872 699 100684 2421712 110691 13796 4588 0 0 0
 296872 699 100684 2421712 110691 13796 4588 0 0 0 
 303833 763 98888 2441499 91146 11938 1899 0 0 0 
core: 243.000000 
cpu3 313871 772 91935 2423400 102213 16498 2820 0 0 0
 313871 772 91935 2423400 102213 16498 2820 0 0 0 
 296872 699 100684 2421712 110691 13796 4588 0 0 0 
core: 3.752331 
0 0 0 0 0 0 0 0 0 0 0 0 0 0 0 0 0 0 0 0 0 0 0 0 0 0 0 0 0 0 0 0 0 0 0 0 0 0 0 0 0 0 0 0 0 0 0 0 0 0 0 0 0 0 0 0 0 0 0 0 0 0 0 0 0 0 0 0 0 0 0 0 0 0 0 0 0 0 0 0 0 0 0 0 0 0 0
 313871 772 91935 2423400 102213 16498 2820 0 0 0 
 313871 772 91935 2423400 102213 16498 2820 0 0 0 
ctxt 1128304176
 313871 772 91935 2423400 102213 16498 2820 0 0 0 
 313871 772 91935 2423400 102213 16498 2820 0 0 0 
btime 1654007277
 313871 772 91935 2423400 102213 16498 2820 0 0 0 
 313871 772 91935 2423400 102213 16498 2820 0 0 0 
processes 39929
 313871 772 91935 2423400 102213 16498 2820 0 0 0 
 313871 772 91935 2423400 102213 16498 2820 0 0 0 
procs_running 2
 313871 772 91935 2423400 102213 16498 2820 0 0 0 
 313871 772 91935 2423400 102213 16498 2820 0 0 0 
procs_blocked 1
 313871 772 91935 2423400 102213 16498 2820 0 0 0 
 313871 772 91935 2423400 102213 16498 2820 0 0 0 
softirq 22709193 1576234 2649983 5981 365074 628861 0 312695 8105909 51 9064405
 313871 772 91935 2423400 102213 16498 2820 0 0 0 
 313871 772 91935 2423400 102213 16498 2820 0 0 0 
cpu  1224900 3001 384316 9726147 399745 53635 11372 0 0 0
 313871 772 91935 2423400 102213 16498 2820 0 0 0 
 313871 772 91935 2423400 102213 16498 2820 0 0 0 
cpu0 310302 766 92792 2439279 95692 11399 2063 0 0 0
 310302 766 92792 2439279 95692 11399 2063 0 0 0 
 313871 772 91935 2423400 102213 16498 2820 0 0 0 
core: -10.936224 
cpu1 303840 763 98891 2441586 91146 11939 1900 0 0 0
 303840 763 98891 2441586 91146 11939 1900 0 0 0 
 310302 766 92792 2439279 95692 11399 2063 0 0 0 
core: 2240.000000 
cpu2 296879 699 100692 2421796 110691 13797 4588 0 0 0
 296879 699 100692 2421796 110691 13797 4588 0 0 0 
 303840 763 98891 2441586 91146 11939 1900 0 0 0 
core: 246.000000 
cpu3 313876 772 91940 2423485 102215 16499 2820 0 0 0
 313876 772 91940 2423485 102215 16499 2820 0 0 0 
 296879 699 100692 2421796 110691 13797 4588 0 0 0 
core: 3.753347 
0 0 0 0 0 0 0 0 0 0 0 0 0 0 0 0 0 0 0 0 0 0 0 0 0 0 0 0 0 0 0 0 0 0 0 0 0 0 0 0 0 0 0 0 0 0 0 0 0 0 0 0 0 0 0 0 0 0 0 0 0 0 0 0 0 0 0 0 0 0 0 0 0 0 0 0 0 0 0 0 0 0 0 0 0 0 0
 313876 772 91940 2423485 102215 16499 2820 0 0 0 
 313876 772 91940 2423485 102215 16499 2820 0 0 0 
ctxt 1128364830
 313876 772 91940 2423485 102215 16499 2820 0 0 0 
 313876 772 91940 2423485 102215 16499 2820 0 0 0 
btime 1654007277
 313876 772 91940 2423485 102215 16499 2820 0 0 0 
 313876 772 91940 2423485 102215 16499 2820 0 0 0 
processes 39929
 313876 772 91940 2423485 102215 16499 2820 0 0 0 
 313876 772 91940 2423485 102215 16499 2820 0 0 0 
procs_running 2
 313876 772 91940 2423485 102215 16499 2820 0 0 0 
 313876 772 91940 2423485 102215 16499 2820 0 0 0 
procs_blocked 0
 313876 772 91940 2423485 102215 16499 2820 0 0 0 
 313876 772 91940 2423485 102215 16499 2820 0 0 0 
softirq 22710531 1576697 2650084 5982 365093 628865 0 312695 8106322 51 9064742
 313876 772 91940 2423485 102215 16499 2820 0 0 0 
 313876 772 91940 2423485 102215 16499 2820 0 0 0 
cpu  1224940 3001 384357 9726468 399746 53639 11373 0 0 0
 313876 772 91940 2423485 102215 16499 2820 0 0 0 
 313876 772 91940 2423485 102215 16499 2820 0 0 0 
cpu0 310313 766 92799 2439360 95692 11400 2063 0 0 0
 310313 766 92799 2439360 95692 11400 2063 0 0 0 
 313876 772 91940 2423485 102215 16499 2820 0 0 0 
core: -10.898219 
cpu1 303845 763 98905 2441663 91146 11940 1900 0 0 0
 303845 763 98905 2441663 91146 11940 1900 0 0 0 
 310313 766 92799 2439360 95692 11400 2063 0 0 0 
core: 2244.000000 
cpu2 296891 699 100702 2421874 110692 13798 4588 0 0 0
 296891 699 100702 2421874 110692 13798 4588 0 0 0 
 303845 763 98905 2441663 91146 11940 1900 0 0 0 
core: 244.000000 
cpu3 313889 772 91950 2423569 102215 16500 2820 0 0 0
 313889 772 91950 2423569 102215 16500 2820 0 0 0 
 296891 699 100702 2421874 110692 13798 4588 0 0 0 
core: 3.744638 
0 0 0 0 0 0 0 0 0 0 0 0 0 0 0 0 0 0 0 0 0 0 0 0 0 0 0 0 0 0 0 0 0 0 0 0 0 0 0 0 0 0 0 0 0 0 0 0 0 0 0 0 0 0 0 0 0 0 0 0 0 0 0 0 0 0 0 0 0 0 0 0 0 0 0 0 0 0 0 0 0 0 0 0 0 0 0
 313889 772 91950 2423569 102215 16500 2820 0 0 0 
 313889 772 91950 2423569 102215 16500 2820 0 0 0 
ctxt 1128510533
 313889 772 91950 2423569 102215 16500 2820 0 0 0 
 313889 772 91950 2423569 102215 16500 2820 0 0 0 
btime 1654007277
 313889 772 91950 2423569 102215 16500 2820 0 0 0 
 313889 772 91950 2423569 102215 16500 2820 0 0 0 
processes 39935
 313889 772 91950 2423569 102215 16500 2820 0 0 0 
 313889 772 91950 2423569 102215 16500 2820 0 0 0 
procs_running 3
 313889 772 91950 2423569 102215 16500 2820 0 0 0 
 313889 772 91950 2423569 102215 16500 2820 0 0 0 
procs_blocked 0
 313889 772 91950 2423569 102215 16500 2820 0 0 0 
 313889 772 91950 2423569 102215 16500 2820 0 0 0 
softirq 22712050 1576734 2650243 5982 365093 628918 0 312715 8106840 51 9065474
 313889 772 91950 2423569 102215 16500 2820 0 0 0 
 31